 [[array([[ 3.5       ,  2.5       , -2.43709859],
       [ 1.5       ,  2.5       , -0.70449406]]), array([[ 3.5       ,  2.5       , -2.43709859],
       [ 3.5       ,  0.5       ,  2.43709859]]), array([[ 1.5       ,  0.5       ,  0.70449406],
       [ 1.5       ,  2.5       , -0.70449406]]), array([[1.5       , 0.5       , 0.70449406],
       [3.5       , 0.5       , 2.43709859]])], 
       
       [array([[ 3.5       ,  2.5       , -2.43709859],
       [ 1.5       ,  2.5       , -0.70449406]]), array([[ 1.5       ,  0.5       ,  0.70449406],
       [ 1.5       ,  2.5       , -0.70449406]]), array([[ 1.5       ,  0.5       ,  0.70449406],
       [ 3.5       ,  2.5       , -2.43709859]])], 
       
       [array([[ 3.5       ,  0.5       ,  2.43709859],
       [ 1.5       ,  2.5       , -0.70449406]])], 
       
       [array([[ 3.5       ,  2.5       , -2.43709859],
       [ 1.5       ,  0.5       ,  0.70449406]])], 
       
       [array([[3.5       , 0.5       , 2.43709859],
       [1.5       , 0.5       , 0.70449406]]), array([[ 3.5       ,  2.5       , -2.43709859],
       [ 1.5       ,  0.5       ,  0.70449406]]), array([[ 3.5       ,  2.5       , -2.43709859],
       [ 3.5       ,  0.5       ,  2.43709859]])], 
       
       [array([[ 3.5       ,  0.5       ,  2.43709859],
       [ 1.5       ,  2.5       , -0.70449406]]), array([[ 3.5       ,  2.5       , -2.43709859],
       [ 1.5       ,  2.5       , -0.70449406]]), array([[ 3.5       ,  2.5       , -2.43709859],
       [ 3.5       ,  0.5       ,  2.43709859]])],
       
        [array([[ 1.5       ,  2.5       , -0.70449406],
       [ 3.5       ,  2.5       , -2.43709859]])], 
       
       [array([[3.5       , 0.5       , 2.43709859],
       [1.5       , 0.5       , 0.70449406]])], 
       
       [array([[ 3.5       ,  0.5       ,  2.43709859],
       [ 3.5       ,  2.5       , -2.43709859]])], 
       
       [array([[ 1.5       ,  2.5       , -0.70449406],
       [ 1.5       ,  0.5       ,  0.70449406]])],
       
       [array([[ 3.5       ,  0.5       ,  2.43709859],
       [ 1.5       ,  2.5       , -0.70449406]]), array([[ 1.5       ,  0.5       ,  0.70449406],
       [ 1.5       ,  2.5       , -0.70449406]]), array([[1.5       , 0.5       , 0.70449406],
       [3.5       , 0.5       , 2.43709859]])]]



 [[array([[ 3.5       ,  0.5       ,  2.43709859],
       [ 1.5       ,  2.5       , -0.70449406]])], 
       
       [array([[ 3.5       ,  2.5       , -2.43709859],
       [ 1.5       ,  2.5       , -0.70449406]]), array([[ 3.5       ,  2.5       , -2.43709859],
       [ 3.5       ,  0.5       ,  2.43709859]]), array([[ 1.5       ,  0.5       ,  0.70449406],
       [ 1.5       ,  2.5       , -0.70449406]]), array([[1.5       , 0.5       , 0.70449406],
       [3.5       , 0.5       , 2.43709859]])], 
       
       [array([[ 0.51      ,  4.505     ,  2.34995894],
       [-1.485     ,  4.485     ,  0.78539816]]), array([[-0.3       ,  5.94      , -1.55936145],
       [-1.485     ,  4.485     ,  0.78539816]]), array([[-0.3       ,  5.94      , -1.55936145],
       [ 0.51      ,  4.505     ,  2.34995894]])], 
       
       [array([[ 3.5       ,  2.5       , -2.43709859],
       [ 1.5       ,  0.5       ,  0.70449406]])], 
       
       [array([[ 3.5       ,  0.5       ,  2.43709859],
       [-1.485     ,  4.485     ,  0.78539816]]), array([[-0.3       ,  5.94      , -1.55936145],
       [-1.485     ,  4.485     ,  0.78539816]]), array([[-0.3       ,  5.94      , -1.55936145],
       [ 3.5       ,  0.5       ,  2.43709859]])],
       
        [array([[ 3.5       ,  0.5       ,  2.43709859],
       [-1.485     ,  4.485     ,  0.78539816]]), array([[-0.3       ,  5.94      , -1.55936145],
       [-1.485     ,  4.485     ,  0.78539816]]), array([[ 3.5       ,  2.5       , -2.43709859],
       [ 3.5       ,  0.5       ,  2.43709859]]), array([[ 3.5       ,  2.5       , -2.43709859],
       [-0.3       ,  5.94      , -1.55936145]])], 
       
       [array([[-0.3       ,  5.94      , -1.55936145],
       [-1.485     ,  4.485     ,  0.78539816]]), array([[-0.3       ,  5.94      , -1.55936145],
       [ 3.5       ,  0.5       ,  2.43709859]]), array([[ 1.5       ,  0.5       ,  0.70449406],
       [-1.485     ,  4.485     ,  0.78539816]]), array([[1.5       , 0.5       , 0.70449406],
       [3.5       , 0.5       , 2.43709859]])], 
       
       [array([[-0.3       ,  5.94      , -1.55936145],
       [-1.485     ,  4.485     ,  0.78539816]]), array([[ 1.5       ,  0.5       ,  0.70449406],
       [-1.485     ,  4.485     ,  0.78539816]]), array([[1.5       , 0.5       , 0.70449406],
       [3.5       , 0.5       , 2.43709859]]), array([[ 3.5       ,  2.5       , -2.43709859],
       [ 3.5       ,  0.5       ,  2.43709859]]), array([[ 3.5       ,  2.5       , -2.43709859],
       [-0.3       ,  5.94      , -1.55936145]])]]